ALGEBRA OF SETS
set1: 
 { 66 , 55 , 5 , 4 , 3 , 2 , 66 , 55 , 7 , 6 , 5 , 4 , 3 , 2 , 1 , 7 , 6 , 5 , 4 , 3 , 2 , 1 , 1000 , 100 , 55 , 66 ,  }  
set2: 
 { 2 , 1 , 2 , 1 , 2 , 1 , 2 , 1 , 5 , 44 , 33 , 22 , 11 , 10 , 9 , 8 , 7 , 6 , 5 , 4 , 3 , 2 , 1 , 500 , 400 , 33 , 5 , 44 ,  }  
order set1=
 { 1 , 1 , 2 , 2 , 2 , 3 , 3 , 3 , 4 , 4 , 4 , 5 , 5 , 5 , 6 , 6 , 7 , 7 , 55 , 55 , 55 , 66 , 66 , 66 , 100 , 1000 ,  }  
order set2=
 { 1 , 1 , 1 , 1 , 1 , 2 , 2 , 2 , 2 , 2 , 3 , 4 , 5 , 5 , 5 , 6 , 7 , 8 , 9 , 10 , 11 , 22 , 33 , 33 , 44 , 44 , 400 , 500 ,  }  
 { 1000 , 500 , 400 , 100 , 66 , 66 , 66 , 55 , 55 , 55 , 44 , 44 , 33 , 33 , 22 , 11 , 10 , 9 , 8 , 7 , 7 , 7 , 6 , 6 , 6 , 5 , 5 , 5 , 5 , 5 , 5 , 4 , 4 , 4 , 4 , 3 , 3 , 3 , 3 , 2 , 2 , 2 , 2 , 2 , 2 , 2 , 2 , 1 , 1 , 1 , 1 , 1 , 1 , 1 ,  }  
